450 832
490 844
530 886
570 956
610 1054
650 1139
690 1225
730 1309
770 1341
810 1523
850 1497
890 1608
930 1680
970 1923
1010 1882
1050 1981
1090 1798
1130 2220
1170 2113
1210 2149
1250 2355
1290 2659
1330 2253
1370 2976
1410 2809
1450 2717
1490 2573
1530 2690
1570 2953
1610 2873
1650 3068
1690 2995
1730 3315
1770 3121
1810 3095
1850 3232
1890 3329
1930 3550
1970 3598
2009 3268
2050 3811
2078 3888
2119 4280
2153 4009
2206 3837
2233 4020
2278 4064
2313 4393
2353 4356
2385 5148
2410 5445
2421 5752
2423 5953
2425 5003
2427 4906
2429 4502
2431 5281
2433 4892
2435 3931
2437 4007