453 751
493 808
533 824
573 936
613 1076
653 1133
693 1250
733 1256
773 1338
813 1378
853 1597
893 1717
933 1658
973 1840
1013 1883
1053 1876
1093 1946
1133 2258
1173 2195
1213 2243
1253 2527
1293 2596
1333 2363
1373 2989
1413 2883
1453 2795
1493 2665
1533 2860
1573 3036
1613 3015
1653 3188
1693 3161
1733 3533
1773 3362
1813 3329
1853 3393
1893 3539
1933 3699
1973 3863
2013 3494
2053 4078
2093 4058
2133 4436
2169 4052
2213 4175
2253 4074
2293 4204
2333 4529
2365 4466
2409 4793
2420 5372
2422 5714
2424 5946
2426 4989
2428 4833
2430 4496
2432 5354
2434 4824